26 00 00 00 02 00 00 00 00 00 00 00
F9 01 00 00 02 00 00 00 01 00 00 00
7D 01 00 00 04 00 00 00 03 00 00 00
EB 00 00 00 06 00 00 00 04 00 00 00
3B 01 00 00 0A 00 00 00 08 00 00 00
0E 01 00 00 08 00 00 00 07 00 00 00
69 01 00 00 04 00 00 00 02 00 00 00
9C 00 00 00 0A 00 00 00 0C 00 00 00
C9 01 00 00 08 00 00 00 06 00 00 00
92 00 00 00 0A 00 00 00 0B 00 00 00
C8 00 00 00 0A 00 00 00 09 00 00 00
14 01 00 00 0A 00 00 00 0A 00 00 00
63 01 00 00 06 00 00 00 05 00 00 00
2E 02 00 00 02 00 00 00 01 00 00 00
92 01 00 00 02 00 00 00 00 00 00 00
1D 01 00 00 06 00 00 00 06 00 00 00
12 02 00 00 06 00 00 00 09 00 00 00
44 01 00 00 04 00 00 00 04 00 00 00
BA 01 00 00 04 00 00 00 05 00 00 00
66 00 00 00 06 00 00 00 08 00 00 00
11 02 00 00 04 00 00 00 02 00 00 00
54 01 00 00 04 00 00 00 03 00 00 00
43 00 00 00 08 00 00 00 0A 00 00 00
B8 01 00 00 08 00 00 00 0B 00 00 00
DC 00 00 00 06 00 00 00 07 00 00 00
09 00 00 00 0A 00 00 00 0D 00 00 00
07 00 00 00 0A 00 00 00 0C 00 00 00
08 00 00 00 0A 00 00 00 0E 00 00 00
39 01 00 00 02 00 00 00 01 00 00 00
67 00 00 00 02 00 00 00 00 00 00 00
FE 01 00 00 04 00 00 00 06 00 00 00
B0 01 00 00 04 00 00 00 03 00 00 00
94 00 00 00 02 00 00 00 02 00 00 00
0F 02 00 00 06 00 00 00 08 00 00 00
91 00 00 00 04 00 00 00 04 00 00 00
EA 01 00 00 04 00 00 00 05 00 00 00
0A 02 00 00 06 00 00 00 0B 00 00 00
6E 00 00 00 06 00 00 00 0A 00 00 00
C4 00 00 00 06 00 00 00 07 00 00 00
6B 01 00 00 0A 00 00 00 0E 00 00 00
2B 02 00 00 06 00 00 00 09 00 00 00
24 00 00 00 08 00 00 00 0C 00 00 00
FD 00 00 00 08 00 00 00 0D 00 00 00
15 01 00 00 04 00 00 00 03 00 00 00
4F 01 00 00 06 00 00 00 04 00 00 00
9E 01 00 00 08 00 00 00 0A 00 00 00
EC 01 00 00 08 00 00 00 0C 00 00 00
64 01 00 00 0A 00 00 00 0E 00 00 00
AC 01 00 00 04 00 00 00 02 00 00 00
78 00 00 00 02 00 00 00 01 00 00 00
99 00 00 00 02 00 00 00 00 00 00 00
08 01 00 00 0A 00 00 00 0D 00 00 00
E6 00 00 00 06 00 00 00 06 00 00 00
7C 01 00 00 06 00 00 00 07 00 00 00
91 01 00 00 08 00 00 00 09 00 00 00
B6 00 00 00 0A 00 00 00 10 00 00 00
80 01 00 00 08 00 00 00 0B 00 00 00
0A 01 00 00 0A 00 00 00 0F 00 00 00
6F 00 00 00 06 00 00 00 05 00 00 00
E7 00 00 00 06 00 00 00 08 00 00 00