353BC offset

00 05 14
00 08 14
0A 0A 14
0A 0B 14
0A 0C 05
0A 0F 05
0A 06 05
0A 05 14
0A 10 14
0A 08 05 
0B 0A 05
0B 0B 14
0B 0C 14
0B 04 05
0B 05 05
0B 10 14
0D 0B 05
0D 0D 14
0D 0C 14
0D 04 14
0D 02 05
0D 10 14
0C 0A 14
0C 0B 05
0C 0C 14
0C 03 14
0C 04 05
0C 02 14
0C 06 14
0C 05 05
0C 10 14
0C 08 14
0F 0B 14
0F 0C 05
0F 0F 14
0F 04 05
0F 02 05
0F 10 05
0F 08 14
0F 0A 14
01 00 05
01 0F 05
01 03 14
01 02 14
01 0E 14
01 06 14
01 05 05
01 11 05
01 08 05
03 0C 05
03 03 14
03 04 14
03 05 14
03 07 14
03 08 14
04 0A 05
04 0D 05
04 0C 14
04 03 05
04 02 14
04 06 14
04 05 05
04 08 05
02 0D 14
02 0C 05
02 01 05
02 06 05
02 05 14
02 08 14
0E 01 05
0E 03 05
0E 0E 14
0E 11 14
0E 08 14
06 0A 14
06 0C 05
06 01 14
06 03 14
06 02 14
06 0E 05
06 07 14
06 11 05
06 08 14
05 0A 05
05 0F 05
05 01 14
05 04 14
05 02 05
05 06 05
05 08 14
07 00 14
07 0E 05
07 11 14
07 08 14
07 07 05
10 10 05
10 08 14
11 01 14
11 0E 05
11 07 05
11 11 14
11 08 14
08 0A 14
08 0B 14
08 0D 14
08 0F 05
08 05 05
08 08 14
FE FE 00
00 07 14
01 07 14 
FF FF