




83 01 00 00 02 00 00 00 00 00 00 00
E4 01 00 00 02 00 00 00 01 00 00 00
7D 01 00 00 04 00 00 00 03 00 00 00
84 01 00 00 06 00 00 00 04 00 00 00
3B 01 00 00 0A 00 00 00 08 00 00 00
B1 01 00 00 08 00 00 00 07 00 00 00
69 01 00 00 04 00 00 00 02 00 00 00
9C 00 00 00 0A 00 00 00 0C 00 00 00
C9 01 00 00 08 00 00 00 06 00 00 00
5C 00 00 00 0A 00 00 00 0B 00 00 00
C8 00 00 00 0A 00 00 00 09 00 00 00
14 01 00 00 0A 00 00 00 0A 00 00 00
F5 01 00 00 06 00 00 00 05 00 00 00
71 01 00 00 0A 00 00 00 0E 00 00 00
92 01 00 00 02 00 00 00 00 00 00 00
1D 01 00 00 08 00 00 00 0D 00 00 00
EC 01 00 00 06 00 00 00 0A 00 00 00
44 01 00 00 04 00 00 00 07 00 00 00
44 00 00 00 02 00 00 00 01 00 00 00
DB 00 00 00 06 00 00 00 09 00 00 00
11 02 00 00 04 00 00 00 05 00 00 00
54 01 00 00 04 00 00 00 06 00 00 00
08 01 00 00 08 00 00 00 0B 00 00 00
B8 01 00 00 08 00 00 00 0C 00 00 00
DC 00 00 00 06 00 00 00 08 00 00 00
09 00 00 00 04 00 00 00 02 00 00 00
07 00 00 00 04 00 00 00 03 00 00 00
08 00 00 00 04 00 00 00 04 00 00 00
39 01 00 00 02 00 00 00 01 00 00 00
67 00 00 00 02 00 00 00 00 00 00 00
FE 01 00 00 04 00 00 00 05 00 00 00
B0 01 00 00 04 00 00 00 03 00 00 00
45 00 00 00 03 00 00 00 02 00 00 00
0F 02 00 00 06 00 00 00 0C 00 00 00
91 00 00 00 04 00 00 00 04 00 00 00
EA 01 00 00 06 00 00 00 0A 00 00 00
1B 01 00 00 08 00 00 00 0D 00 00 00
6E 00 00 00 04 00 00 00 07 00 00 00
C4 00 00 00 06 00 00 00 0B 00 00 00
6B 01 00 00 0A 00 00 00 0E 00 00 00
2B 02 00 00 04 00 00 00 06 00 00 00
24 00 00 00 05 00 00 00 08 00 00 00
AD 00 00 00 05 00 00 00 09 00 00 00
63 01 00 00 02 00 00 00 03 00 00 00
4F 01 00 00 06 00 00 00 06 00 00 00
9E 01 00 00 06 00 00 00 0A 00 00 00
26 00 00 00 08 00 00 00 0C 00 00 00
64 01 00 00 08 00 00 00 0E 00 00 00
0E 01 00 00 08 00 00 00 0B 00 00 00
1A 01 00 00 02 00 00 00 08 00 00 00
14 00 00 00 02 00 00 00 00 00 00 00
CE 00 00 00 08 00 00 00 0D 00 00 00
E6 00 00 00 06 00 00 00 01 00 00 00
7C 01 00 00 06 00 00 00 09 00 00 00
4A 01 00 00 04 00 00 00 05 00 00 00
B6 00 00 00 0A 00 00 00 10 00 00 00
80 01 00 00 04 00 00 00 02 00 00 00
0A 01 00 00 0A 00 00 00 0F 00 00 00
6F 00 00 00 06 00 00 00 07 00 00 00
01 01 00 00 04 00 00 00 04 00 00 00