26 00 00 00 02 00 00 00 00 00 00 00      Double-Edge 
F9 01 00 00 02 00 00 00 01 00 00 00      Heal Pulse   
7D 01 00 00 04 00 00 00 03 00 00 00      Lucky Chant
EB 00 00 00 06 00 00 00 04 00 00 00      Synthesis
3B 01 00 00 0A 00 00 00 08 00 00 00      Overheat
0E 01 00 00 08 00 00 00 07 00 00 00      Helping Hand
69 01 00 00 04 00 00 00 02 00 00 00      Healing Wish
9C 00 00 00 0A 00 00 00 0C 00 00 00      Rest
C9 01 00 00 08 00 00 00 06 00 00 00      Head Smash
5C 00 00 00 0A 00 00 00 0B 00 00 00      Toxic 
C8 00 00 00 0A 00 00 00 09 00 00 00      Outrage
14 01 00 00 0A 00 00 00 0A 00 00 00      Superpower
63 01 00 00 06 00 00 00 05 00 00 00      Roost

71 01 00 00 0A 00 00 00 01 00 00 00      Skitter Smack -> U-Turn
92 01 00 00 02 00 00 00 00 00 00 00      Seed Bomb
1D 01 00 00 0A 00 00 00 06 00 00 00      Skill Swap
03 01 00 00 06 00 00 00 09 00 00 00      Dual Chop -> Torment
44 01 00 00 04 00 00 00 04 00 00 00      Signal Beam
BA 01 00 00 02 00 00 00 05 00 00 00      Iron Head
66 00 00 00 06 00 00 00 08 00 00 00      Psychic Noise
11 02 00 00 04 00 00 00 02 00 00 00      Drill Run
54 01 00 00 04 00 00 00 03 00 00 00      Bounce
43 00 00 00 08 00 00 00 0A 00 00 00      Low Kick
B8 01 00 00 08 00 00 00 0B 00 00 00      Cross Poison
DC 00 00 00 06 00 00 00 07 00 00 00      Seething Cold
09 00 00 00 02 00 00 00 0D 00 00 00      Thunderpunch
07 00 00 00 02 00 00 00 0C 00 00 00      Fire Punch
08 00 00 00 02 00 00 00 0E 00 00 00      Ice Punch

39 01 00 00 02 00 00 00 01 00 00 00 
67 00 00 00 02 00 00 00 00 00 00 00 
FE 01 00 00 04 00 00 00 06 00 00 00 
B0 01 00 00 04 00 00 00 03 00 00 00 
94 00 00 00 02 00 00 00 02 00 00 00 
0F 02 00 00 06 00 00 00 08 00 00 00 
91 00 00 00 04 00 00 00 04 00 00 00 
EA 01 00 00 04 00 00 00 05 00 00 00 
0A 02 00 00 06 00 00 00 0B 00 00 00 
6E 00 00 00 06 00 00 00 0A 00 00 00 
C4 00 00 00 06 00 00 00 07 00 00 00 
6B 01 00 00 0A 00 00 00 0E 00 00 00 
2B 02 00 00 06 00 00 00 09 00 00 00 
24 00 00 00 04 00 00 00 0C 00 00 00 
FD 00 00 00 04 00 00 00 0D 00 00 00 

15 01 00 00 02 00 00 00 03 00 00 00 
4F 01 00 00 06 00 00 00 04 00 00 00 
9E 01 00 00 08 00 00 00 0A 00 00 00 
EC 01 00 00 08 00 00 00 0C 00 00 00 
64 01 00 00 0A 00 00 00 0E 00 00 00 
AC 01 00 00 02 00 00 00 02 00 00 00 
78 00 00 00 01 00 00 00 01 00 00 00 
99 00 00 00 01 00 00 00 00 00 00 00 
08 01 00 00 0A 00 00 00 0D 00 00 00 
E6 00 00 00 06 00 00 00 06 00 00 00 
7C 01 00 00 06 00 00 00 07 00 00 00 
91 01 00 00 04 00 00 00 09 00 00 00 
B6 00 00 00 0A 00 00 00 10 00 00 00 
80 01 00 00 08 00 00 00 0B 00 00 00 
0A 01 00 00 0A 00 00 00 0F 00 00 00 
6F 00 00 00 06 00 00 00 05 00 00 00 
E7 00 00 00 04 00 00 00 08 00 00 00